NAME	= Suitability_Wines
DESCRIPTION	= 
UNIT	= 
DATAFORMAT	= FLOAT
DATAFILE_OFFSET	= 0
BYTEORDER_BIG	= FALSE
TOPTOBOTTOM	= FALSE
POSITION_XMIN	= 3975961.1461603911593556
POSITION_YMIN	= 4206920.8871823837980628
CELLCOUNT_X	= 2045
CELLCOUNT_Y	= 2794
CELLSIZE	= 30.9220807823960477
Z_FACTOR	= 1.000000
Z_OFFSET	= 0.000000
NODATA_VALUE	= -99999.000000;-99999.000000
